
2
5
3
4
6
7
6
3
5
8
5
3
6
4
6
7
6
3
6
2
7
8
5
6
7
3
7
5
4
3
3
4
7
8
7
6
7
8
6
8
6
5
6
2
6
4
7
8
7
5
8
8
8
7
3
9
6
6
6
4
6
7
8
9
7
6
6
7
8
7
8
5
8
8
6
9
7
5
5
9
8
9
9
8
4
6
7
6
9
9
9
8
5
7
7
8
8
8
7
5
9
9
10
8
7
9
9
7
9
9
9
10
8
9
9
9
9
10
8
9
10
10
10
9
5
2
5
6
7
8
3
5
2
6
3
6
7
3
8
7
2
8
3
6
5
4
5
3
6
4
9
6
7
7
6
6
2
7
6
6
7
7
4
8
3
8
9
7
8
4
3
7
4
5
8
5
9
8
9
5
6
8
8
3
6
6
7
4
7
7
8
6
7
8
6
7
6
9
6
7
8
8
4
8
4
5
9
5
9
4
8
8
9
7
8
8
8
6
7
5
9
9
7
8
9
6
7
6
8
8
8
9
7
9
10
8
7
8
9
8
8
9
9
10
9
8
9
9
9
7
8
8
9
8
10
9
9
9
9
10
8
9
9
10
6
3
7
3
2
7
5
6
6
3
5
5
3
7
6
5
4
5
3
5
8
2
7
5
6
6
4
8
3
7
4
6
3
4
3
2
8
2
8
8
7
7
7
6